0.0881 1.9153
-1.4590 0.2213
3.7849 1.7426
-1.4517 0.8768
-0.9677 2.1842
1.6894 -1.3199
2.0407 3.7553
1.3410 2.9315
1.7545 1.5797
1.6962 2.7495
0.9345 -0.4149
0.9930 1.9495
-0.4219 0.8751
1.3419 0.3210
-0.8665 -0.5808
1.6350 2.5475
0.3847 -0.0276
2.5066 2.4942
-0.2528 0.1630
2.3970 2.7768
-0.8549 1.3373
1.2798 2.4584
1.7559 1.2414
2.1173 2.1478
3.2033 2.9914
0.7940 2.4369
2.6096 1.1852
1.6792 2.8967
1.5951 1.4259
1.4230 -0.3005
0.6329 1.7710
2.5684 2.0049
0.5405 -0.0754
2.5220 3.0771
1.7685 1.4356
0.2874 -0.3646
-0.5826 0.2719
-0.1127 -0.3213
2.6134 2.9015
2.6201 1.8898
-2.1565 0.8034
1.9913 1.4292
2.2878 0.3036
0.1667 -0.7903
1.7133 3.5724
-1.4449 -0.4732
1.3412 0.4340
1.2156 2.4123
2.7823 1.4658
-1.8301 -0.2962
-0.6187 0.1944
1.3695 2.8253
3.2816 2.9276
-1.0752 2.1257
1.3804 1.7081
1.0559 0.3585
-0.3479 0.7163
1.2823 -0.2738
-0.0388 0.6611
1.1202 1.7922
2.5201 4.4366
1.8179 1.0624
0.1602 0.0362
0.6865 0.7165
1.1948 -0.6327
0.9078 2.3024
-0.0910 0.0540
1.7808 1.8198
2.4331 3.1301
0.9493 1.5826
2.1743 1.6377
0.0063 -0.5000
-0.9884 1.6234
-0.3744 0.2141
0.2193 1.8461
1.7629 2.7547
0.2864 2.2411
1.9079 2.1538
-0.3472 1.7248
1.8474 2.2167
0.7174 2.7292
0.6964 0.9239
0.2226 1.4896
2.5980 2.5605
2.4583 2.1789
3.6829 2.3947
-0.7897 0.1568
0.7794 1.4371
1.7843 2.0611
-0.4491 0.5643
2.0337 0.6019
1.7742 2.0583
2.5279 1.8048
0.6061 1.6120
1.5172 -0.2598
-0.9427 1.3954
1.2901 -1.0056
-0.5817 2.7304
0.2021 0.8099
3.0890 0.2442